100000	0.79245
99790.44008	0.79081
99581.75662	0.78917
99383.82031	0.78753
99176.83229	0.7859
98970.70467	0.78428
98765.4321	0.78265
98561.00926	0.78103
98357.4309	0.77942
98154.69179	0.7778
97952.78676	0.77619
97742.15619	0.77459
97541.94304	0.77298
97342.54843	0.77138
97143.96736	0.76979
96936.79721	0.76819
96739.8665	0.7666
96534.41452	0.76502
96339.11368	0.76343
96135.35858	0.76185
95941.66747	0.76027
95739.58832	0.7587
95547.4871	0.75713
95347.06331	0.75556
95147.47859	0.754
94948.72769	0.75244
94750.80538	0.75088
94562.64775	0.74933
94366.33009	0.74777
94170.82588	0.74623
93976.13006	0.74468
93782.23764	0.74314
93580.38555	0.7416
93388.12103	0.74007
93196.64492	0.73853
93005.95238	0.73701
92807.42459	0.73548
92618.3199	0.73396
92429.98429	0.73244
92233.90518	0.73092
92047.12813	0.72941
91852.66832	0.7279
91667.43056	0.72639
91474.57007	0.72489
91282.5194	0.72339
91099.57183	0.72189
90909.09091	0.7204
90719.40488	0.71891
90530.50878	0.71742
90342.39769	0.71593
90155.06671	0.71445
89968.51102	0.71297
89782.7258	0.71149
89597.7063	0.71002
89413.44778	0.70855
89229.94557	0.70709
89047.19501	0.70562
88857.29518	0.70416
88676.06633	0.7027
88495.57522	0.70125
88308.01837	0.6998
88129.02089	0.69835
87943.01293	0.6969
87757.7885	0.69546
87581.01244	0.69402
87397.30816	0.69258
87214.37293	0.69115
87039.77718	0.68972
86858.33406	0.68829
86677.64584	0.68687
86497.70781	0.68544
86318.51532	0.68403
86140.06374	0.68261
85962.34849	0.6812
85785.36502	0.67979
85609.10881	0.67838
85426.27712	0.67698
85251.4919	0.67557
85077.42045	0.67418
84896.85033	0.67278
84724.22266	0.67139
84545.14711	0.67
84373.94533	0.66861
84196.34588	0.66723
84026.55239	0.66585
83850.41087	0.66447
83675.00628	0.66309
83500.334	0.66172
83333.33333	0.66035
83160.08316	0.65898
82987.55187	0.65762
82815.73499	0.65626
82644.6281	0.6549
82474.2268	0.65354
82297.75327	0.65219
82128.77792	0.65084
81960.49504	0.64949
81792.90038	0.64815
81619.32746	0.64681
81453.12373	0.64547
81280.98838	0.64413
81116.15834	0.6428
80945.44277	0.64147
80781.96946	0.64014
80612.65619	0.63881
80444.05116	0.63749
80282.59473	0.63617
80115.36613	0.63485
79948.83275	0.63354
79782.99027	0.63223
79617.83439	0.63092
79453.36088	0.62961
79289.56549	0.62831
79126.44406	0.62701
78957.7576	0.62571
78795.99716	0.62442
78634.89817	0.62312
78468.29881	0.62183
78308.53563	0.62055
78143.31484	0.61926
77984.87094	0.61798
77821.01167	0.6167
77663.87077	0.61542
77501.35627	0.61415
77339.52049	0.61288
77178.35919	0.61161
77017.86815	0.61034
76858.04319	0.60908
76704.76337	0.60782
76540.37505	0.60656
76382.52368	0.60531
76225.32205	0.60405
76068.76616	0.6028
75912.85205	0.60155
75751.83698	0.60031
75597.21802	0.59907
75443.22897	0.59783
75284.19785	0.59659
75131.48009	0.59535
74973.75918	0.59412
74816.69909	0.59289
74665.87023	0.59166
74510.09612	0.59044
74354.97063	0.58922
74200.48972	0.588
74046.64939	0.58678
73893.44565	0.58557
73740.87457	0.58435
73588.93222	0.58314
73437.61475	0.58194
73281.54771	0.58073
73131.49042	0.57953
72982.04642	0.57833
72827.90765	0.57713
72679.70056	0.57594
72526.83493	0.57475
72379.84945	0.57356
72228.24124	0.57237
72077.26683	0.57118
71926.92225	0.57
71782.3559	0.56882
71633.23782	0.56764
71484.73801	0.56647
71336.85262	0.5653
71189.57785	0.56413
71042.90992	0.56296
70891.81908	0.56179
70746.37425	0.56063
70601.52499	0.55947
70452.30379	0.55831
70308.655	0.55716
70160.66793	0.556
70018.20473	0.55485
69871.43656	0.5537
69730.14434	0.55256
69584.58006	0.55141
69439.62225	0.55027
69295.26713	0.54913
69151.51096	0.548
69008.35001	0.54686
68865.78059	0.54573
68723.79905	0.5446
68582.40176	0.54347
68441.58511	0.54235
68296.68078	0.54122
68157.03381	0.5401
68013.33061	0.53899
67874.8388	0.53787
67732.32186	0.53676
67594.97093	0.53565
67453.62563	0.53454
67312.87022	0.53343
67177.21349	0.53233
67037.6081	0.53122
66898.58175	0.53012
66760.13085	0.52903
66622.25183	0.52793
66480.52121	0.52684
66343.79354	0.52575
66207.62712	0.52466
66072.0185	0.52357
65932.61687	0.52249
65798.13133	0.52141
65659.88181	0.52033
65526.50547	0.51925
65389.39384	0.51818
65252.85481	0.5171
65121.12529	0.51603
64985.70315	0.51497
64850.84306	0.5139
64716.54155	0.51284
64582.79514	0.51177
64449.60041	0.51072
64312.81754	0.50966
64180.73294	0.5086
64049.18978	0.50755
63914.09945	0.5065
63783.64587	0.50545
63649.6722	0.5044
63520.29473	0.50336
63387.42394	0.50232
63259.10931	0.50128
63127.32782	0.50024
62996.09424	0.49921
62865.40517	0.49817
62735.25721	0.49714
62605.64703	0.49611
62476.57129	0.49508
62348.02668	0.49406
62216.13887	0.49304
62088.66261	0.49202
61957.86865	0.491
61831.44747	0.48998
61701.73382	0.48897
61576.35468	0.48795
61447.708	0.48694
61319.59774	0.48594
61195.76525	0.48493
61068.70229	0.48393
60942.16588	0.48293
60816.15277	0.48193
60690.65971	0.48093
60562.0155	0.47993
60437.56799	0.47894
60313.63088	0.47795
60186.57839	0.47696
60063.66749	0.47597
59937.66483	0.47499
59815.76744	0.474
59690.80165	0.47302
59566.35692	0.47204
59445.96362	0.47106
59322.53663	0.47009
59199.62112	0.46912
59077.21392	0.46815
58955.31187	0.46718
58830.45064	0.46621
58709.56379	0.46524
58589.17272	0.46428
58465.85594	0.46332
58346.46129	0.46236
58224.16303	0.4614
58105.75247	0.46045
57984.46016	0.4595
57863.67319	0.45854
57743.38838	0.45759
57623.60263	0.45665
57504.31282	0.4557
57385.5159	0.45476
57267.2088	0.45382
57149.3885	0.45288
57032.05201	0.45194
56911.9572	0.45101
56795.59266	0.45007
56676.49059	0.44914
56561.08597	0.44821
56442.96438	0.44728
56325.33514	0.44636
56211.35469	0.44543
56094.68783	0.44451
55978.50425	0.44359
55862.80096	0.44267
55744.46736	0.44176
55629.72853	0.44084
55515.46106	0.43993
55401.66205	0.43902
55285.272	0.43811
55172.41379	0.4372
55056.98398	0.4363
54942.03615	0.43539
54830.57353	0.43449
54716.56818	0.43359
54603.03593	0.4327
54489.97384	0.4318
54377.37901	0.43091
54265.24853	0.43001
54150.6471	0.42912
54039.4488	0.42824
53928.70625	0.42735
53815.5204	0.42646
53705.6928	0.42558
53593.44016	0.4247
53481.65579	0.42382
53373.18531	0.42294
53262.31691	0.42207
53151.90815	0.42119
53041.95619	0.42032
52932.45818	0.41945
52820.62117	0.41858
52712.03416	0.41772
52603.89269	0.41685
52493.43832	0.41599
52386.191	0.41513
52276.64802	0.41427
52170.28381	0.41341
52061.64098	0.41256
51953.44971	0.4117
51845.70718	0.41085
51738.4106	0.41
51631.55721	0.40915
51525.14427	0.4083
51416.52527	0.40746
51310.99595	0.40662
51205.89892	0.40577
51098.62034	0.40493
50994.39062	0.4041
50887.99552	0.40326
50782.04347	0.40242
50676.5317	0.40159
50571.45747	0.40076
50466.81807	0.39993
50362.6108	0.3991
50258.83299	0.39828
50155.48199	0.39745
50050.05005	0.39663
49947.55507	0.39581
49842.99457	0.39499
49741.34501	0.39417
49637.64519	0.39335
49534.37686	0.39254
49431.53732	0.39173
49331.5574	0.39092
49227.134	0.39011
49125.56494	0.3893
49024.41416	0.38849
48923.67906	0.38769
48820.97349	0.38689
48721.07186	0.38609
48619.21431	0.38529
48520.13586	0.38449
48419.11587	0.38369
48318.51566	0.3829
48218.33261	0.38211
48118.56414	0.38132
48019.20768	0.38053
47920.26069	0.37974
47821.72063	0.37895
47721.30756	0.37817
47623.5832	0.37739
47523.99962	0.3766
47424.83164	0.37582
47328.31653	0.37505
47229.96269	0.37427
47132.01678	0.3735
47034.47627	0.37272
46937.33865	0.37195
46840.60143	0.37118
46742.07722	0.37041
46646.14236	0.36965
46550.6005	0.36888
46453.29122	0.36812
46356.38791	0.36735
46262.02813	0.36659
46165.92032	0.36584
46070.211	0.36508
45974.89771	0.36432
45879.97798	0.36357
45783.35317	0.36282
45689.22191	0.36206
45595.47693	0.36131
45500.0455	0.36057
45407.07442	0.35982
45312.4292	0.35908
45218.17771	0.35833
45124.31749	0.35759
45030.84613	0.35685
44937.7612	0.35611
44845.06032	0.35537
44752.74111	0.35464
44658.80672	0.3539
44567.25198	0.35317
44476.07187	0.35244
44383.29413	0.35171
44290.90265	0.35098
44198.89503	0.35026
44107.26888	0.34953
44016.02183	0.34881
43925.15154	0.34809
43834.65568	0.34737
43744.53193	0.34665
43652.87236	0.34593
43563.49379	0.34521
43472.59053	0.3445
43382.06585	0.34379
43293.79167	0.34307
43204.00933	0.34236
43114.5986	0.34165
43025.55718	0.34095
42935.03929	0.34024
42846.73722	0.33954
42758.79762	0.33883
42669.39751	0.33813
42580.37045	0.33743
42493.51974	0.33673
42405.22432	0.33604
42317.29508	0.33534
42229.72973	0.33465
42142.52602	0.33395
42055.68172	0.33326
41967.43327	0.33257
41881.30837	0.33188
41793.78944	0.3312
41708.37504	0.33051
41621.57663	0.32983
41535.13873	0.32915
41449.05911	0.32846
41363.33554	0.32778
41277.96582	0.32711
41192.94777	0.32643
41106.58939	0.32575
41022.2751	0.32508
40936.6301	0.32441
40853.01087	0.32373
40768.07045	0.32306
40683.48251	0.32239
40599.24485	0.32173
40515.35532	0.32106
40431.81175	0.3204
40346.98406	0.31973
40264.13271	0.31907
40181.62093	0.31841
40097.83873	0.31775
40014.40519	0.31709
39931.31813	0.31644
39848.57541	0.31578
39766.17489	0.31513
39684.11445	0.31448
39602.39198	0.31383
39519.44357	0.31318
39438.39722	0.31253
39356.13365	0.31188
39275.75508	0.31124
39194.16791	0.31059
39112.919	0.30995
39032.00625	0.30931
38951.42757	0.30867
38871.18091	0.30803
38789.7595	0.30739
38710.17691	0.30675
38629.4279	0.30612
38549.01507	0.30548
38470.41625	0.30485
38390.66339	0.30422
38311.24052	0.30359
38230.68395	0.30296
38151.92095	0.30234
38073.48182	0.30171
37993.92097	0.30109
37916.12952	0.30046
37837.22426	0.29984
37758.64673	0.29922
37680.39489	0.2986
37602.46672	0.29798
37524.86022	0.29737
37447.5734	0.29675
37369.20777	0.29614
37292.56013	0.29552
37214.84128	0.29491
37138.82493	0.2943
37061.74487	0.29369
36984.9841	0.29308
36908.54064	0.29248
36831.05595	0.29187
36755.24681	0.29127
36679.74911	0.29066
36603.22108	0.29006
36527.01173	0.28946
36452.44778	0.28886
36376.86431	0.28826
36301.59364	0.28767
36226.63382	0.28707
36150.67602	0.28648
36076.33753	0.28588
36001.00803	0.28529
35927.28318	0.2847
35852.57421	0.28411
35778.17531	0.28352
35704.08455	0.28294
35630.30001	0.28235
35556.8198	0.28177
35483.64204	0.28118
35409.51099	0.2806
35336.9377	0.28002
35263.41773	0.27944
35190.20305	0.27886
35117.29175	0.27829
35044.68197	0.27771
34972.37183	0.27713
34899.14148	0.27656
34827.43008	0.27599
34754.80485	0.27542
34683.68479	0.27485
34611.65721	0.27428
34539.92816	0.27371
34468.49579	0.27314
34397.35828	0.27258
34326.5138	0.27201
34254.78711	0.27145
34184.52808	0.27089
34113.39292	0.27033
34042.55319	0.26977
33972.00707	0.26921
33901.75272	0.26865
33831.78835	0.2681
33762.11216	0.26754
33691.58721	0.26699
33622.48672	0.26644
33552.54328	0.26588
33482.89024	0.26533
33413.5258	0.26478
33344.44815	0.26424
33275.65553	0.26369
33206.0435	0.26314
33137.82019	0.2626
33068.78307	0.26206
33001.12204	0.26151
32932.65273	0.26097
32864.46694	0.26043
32796.56292	0.25989
32727.86778	0.25935
32660.52649	0.25882
32592.39945	0.25828
32525.61392	0.25775
32458.04797	0.25721
32390.76215	0.25668
32323.75473	0.25615
32257.02397	0.25562
32190.56816	0.25509
32123.35368	0.25456
32057.44694	0.25403
31990.78665	0.25351
31924.40301	0.25298
31858.29431	0.25246
31792.45883	0.25194
31726.89489	0.25142
31660.59839	0.2509
31595.57662	0.25038
31529.82722	0.24986
31464.35089	0.24934
31399.14594	0.24882
31334.21069	0.24831
31269.54346	0.2478
31205.14261	0.24728
31140.03675	0.24677
31076.16769	0.24626
31011.59834	0.24575
30947.29675	0.24524
30883.26127	0.24473
30819.49025	0.24423
30755.98204	0.24372
30691.79301	0.24322
30628.80946	0.24271
30565.14962	0.24221
30501.75385	0.24171
30438.62052	0.24121
30375.748	0.24071
30313.13468	0.24021
30249.86388	0.23971
30187.76792	0.23922
30125.01883	0.23872
30062.53006	0.23823
30000.3	0.23774
29938.32705	0.23724
29876.6096	0.23675
29814.25718	0.23626
29753.04969	0.23577
29691.2114	0.23529
29629.62963	0.2348
29568.30278	0.23431
29507.22927	0.23383
29445.54047	0.23334
29384.97253	0.23286
29323.79333	0.23238
29263.72469	0.2319
29203.0488	0.23142
29142.624	0.23094
29082.44874	0.23046
29021.67919	0.22998
28962.00185	0.22951
28901.7341	0.22903
28841.71666	0.22856
28781.94796	0.22808
28722.42647	0.22761
28663.15065	0.22714
28604.11899	0.22667
28544.51517	0.2262
28485.97066	0.22573
28426.8577	0.22527
28367.98956	0.2248
28309.36474	0.22433
28250.18363	0.22387
28192.04421	0.22341
28133.35209	0.22294
28075.69207	0.22248
28017.48291	0.22202
27959.51462	0.22156
27901.78571	0.2211
27843.51942	0.22065
27786.26803	0.22019
27728.4827	0.21973
27670.93721	0.21928
27613.63009	0.21882
27556.55984	0.21837
27499.725	0.21792
27442.37102	0.21747
27386.00575	0.21702
27329.12465	0.21657
27272.47934	0.21612
27216.06837	0.21567
27159.89027	0.21523
27103.94362	0.21478
27047.4954	0.21434
26991.28182	0.21389
26935.30141	0.21345
26879.55272	0.21301
26824.03433	0.21257
26768.74481	0.21213
26712.96915	0.21169
26658.13606	0.21125
26602.8199	0.21081
26547.73282	0.21038
26492.87342	0.20994
26438.24027	0.20951
26383.1359	0.20907
26328.26076	0.20864
26274.30373	0.20821
26219.87991	0.20778
26165.68109	0.20735
26111.02407	0.20692
26057.27389	0.20649
26003.06836	0.20606
25949.76126	0.20564
25896.00166	0.20521
25841.79652	0.20478
25788.48286	0.20436
25735.38873	0.20394
25681.8532	0.20352
25628.53994	0.20309
25575.44757	0.20267
25522.57472	0.20225
25469.92002	0.20184
25417.48214	0.20142
25364.61636	0.201
25311.97003	0.20058
25259.54179	0.20017
25207.33029	0.19976
25155.33419	0.19934
25102.92198	0.19893
25051.35528	0.19852
24999.37502	0.19811
24947.61002	0.1977
24896.05895	0.19729
24844.7205	0.19688
24792.97863	0.19647
24741.45183	0.19606
24690.74838	0.19566
24639.64519	0.19525
24588.14851	0.19485
24537.46871	0.19445
24486.39781	0.19404
24436.13616	0.19364
24385.48576	0.19324
24335.0449	0.19284
24284.81228	0.19244
24234.1993	0.19204
24183.79686	0.19165
24134.18607	0.19125
24084.19836	0.19085
24034.41729	0.19046
23984.26632	0.19006
23934.89708	0.18967
23885.16015	0.18928
23835.6295	0.18889
23786.30385	0.18849
23737.18192	0.1881
23688.26247	0.18772
23638.98541	0.18733
23589.91295	0.18694
23541.04381	0.18655
23492.37672	0.18617
23443.91044	0.18578
23395.64373	0.1854
23347.03026	0.18501
23298.61839	0.18463
23250.40688	0.18425
23202.39449	0.18387
23154.04385	0.18348
23106.42821	0.18311
23058.4763	0.18273
23010.723	0.18235
22963.16708	0.18197
22915.80732	0.18159
22868.11955	0.18122
22820.62985	0.18084
22773.33698	0.18047
22726.23972	0.18009
22679.33686	0.17972
22632.6272	0.17935
22585.59942	0.17898
22538.76668	0.17861
22492.12776	0.17824
22445.68145	0.17787
22398.92485	0.1775
22352.86228	0.17713
22306.49119	0.17677
22260.31209	0.1764
22214.3238	0.17604
22168.0337	0.17567
22122.4255	0.17531
22076.51721	0.17494
22030.79906	0.17458
21985.26987	0.17422
21939.92848	0.17386
21894.29435	0.1735
21848.84966	0.17314
21803.59323	0.17278
21758.5239	0.17243
21713.64051	0.17207
21668.47237	0.17171
21623.95935	0.17136
21579.16316	0.171
21534.55219	0.17065
21489.66347	0.17029
21445.4214	0.16994
21400.90312	0.16959
21356.56928	0.16924
21312.41875	0.16889
21268.45038	0.16854
21224.21258	0.16819
21180.15843	0.16784
21136.28678	0.16749
21092.5965	0.16715
21049.08647	0.1668
21005.31434	0.16646
20962.1633	0.16611
20918.75157	0.16577
20875.0835	0.16543
20832.03133	0.16508
20789.15638	0.16474
20746.02714	0.1644
20703.07648	0.16406
20660.30329	0.16372
20617.28141	0.16338
20574.86163	0.16304
20532.19448	0.16271
20489.70392	0.16237
20446.97078	0.16203
20404.83186	0.1617
20362.45164	0.16136
20320.24709	0.16103
20278.21714	0.1607
20236.36069	0.16036
20194.67668	0.16003
20152.7579	0.1597
20111.01279	0.15937
20069.44026	0.15904
20027.63814	0.15871
19986.40924	0.15838
19944.95193	0.15805
19903.66626	0.15773
19862.55115	0.1574
19821.21266	0.15707
19780.43715	0.15675
19739.4394	0.15642
19698.61125	0.1561
19657.95164	0.15578
19617.0747	0.15545
19576.36741	0.15513
19535.82871	0.15481
19495.45756	0.15449
19455.25292	0.15417
19414.83682	0.15385
19374.58829	0.15353
19334.50629	0.15322
19294.5898	0.1529
19254.46704	0.15258
19214.88	0.15227
19175.08773	0.15195
19135.09376	0.15164
19095.63092	0.15132
19055.96738	0.15101
19016.82989	0.1507
18977.49269	0.15038
18937.95925	0.15007
18898.94733	0.14976
18859.74011	0.14945
18820.69524	0.14914
18781.81169	0.14883
18742.73719	0.14853
18704.17477	0.14822
18665.42231	0.14791
18626.83009	0.14761
18588.0516	0.1473
18549.77833	0.147
18511.31967	0.14669
18473.02015	0.14639
18434.53895	0.14608
18396.55616	0.14578
18358.39254	0.14548
18320.38693	0.14518
18282.53835	0.14488
18244.51296	0.14458
18206.97691	0.14428
18169.26487	0.14398
18131.70873	0.14368
18093.98013	0.14339
18056.73426	0.14309
18019.31671	0.14279
17982.05391	0.1425
17944.62289	0.1422
17907.66806	0.14191
17870.54577	0.14161
17833.57706	0.14132
17796.44427	0.14103
17759.7812	0.14074
17722.95477	0.14044
17686.28075	0.14015
17649.7582	0.13986
17613.07595	0.13957
17576.54586	0.13929
17540.16698	0.139
17503.93839	0.13871
17467.85914	0.13842
17431.62445	0.13814
17395.53978	0.13785
17359.6042	0.13756
17323.51667	0.13728
17287.57887	0.137
17251.78987	0.13671
17216.14875	0.13643
17180.65458	0.13615
17145.01252	0.13586
17109.51802	0.13558
17074.1702	0.1353
17038.6778	0.13502
17003.33265	0.13474
16968.13384	0.13446
16933.08047	0.13419
16898.17162	0.13391
16863.12204	0.13363
16828.21756	0.13335
16793.45727	0.13308
16758.55943	0.1328
16723.80634	0.13253
16689.19708	0.13225
16654.73078	0.13198
16620.1303	0.13171
16585.94838	0.13143
16551.63282	0.13116
16517.18613	0.13089
16483.15422	0.13062
16448.99168	0.13035
16414.97045	0.13008
16380.82133	0.12981
16347.08123	0.12954
16313.2137	0.12927
16279.48622	0.12901
16245.63399	0.12874
16211.92225	0.12847
16178.61188	0.12821
16144.91677	0.12794
16111.62131	0.12768
16078.20439	0.12741
16044.92579	0.12715
16011.78467	0.12688
15978.52486	0.12662
15945.40294	0.12636
15912.41805	0.1261
15879.56935	0.12584
15846.60486	0.12558
15813.77696	0.12532
15781.08479	0.12506
15748.52751	0.1248
15715.8573	0.12454
15683.32236	0.12428
15650.92184	0.12402
15618.41098	0.12377
15586.03491	0.12351
15553.79279	0.12326
15521.68379	0.123
15489.46716	0.12275
15457.38399	0.12249
15425.43345	0.12224
15393.61473	0.12199
15361.69101	0.12173
15329.89944	0.12148
15298.23917	0.12123
15266.47634	0.12098
15234.84514	0.12073
15203.34474	0.12048
15171.97433	0.12023
15140.50388	0.11998
15109.16371	0.11973
15077.95302	0.11948
15046.6446	0.11924
15015.46593	0.11899
14984.41621	0.11874
14953.49463	0.1185
14922.47773	0.11825
14891.58923	0.11801
14860.82834	0.11776
14829.97434	0.11752
14799.2482	0.11728
14768.64911	0.11703
14737.95909	0.11679
14707.61266	0.11655
14677.17552	0.11631
14646.64958	0.11607
14616.46399	0.11583
14586.1898	0.11559
14556.04076	0.11535
14525.80509	0.11511
14495.69478	0.11487
14465.70904	0.11463
14435.8471	0.1144
14405.90066	0.11416
14376.07821	0.11392
14346.37897	0.11369
14316.59723	0.11345
14286.93888	0.11322
14257.40316	0.11298
14227.9893	0.11275
14198.49496	0.11251
14169.12265	0.11228
14139.67168	0.11205
14110.54199	0.11182
14081.33378	0.11159
14052.04879	0.11136
14023.08199	0.11112
13994.03854	0.11089
13964.92012	0.11067
13936.11684	0.11044
13907.23872	0.11021
13878.48003	0.10998
13849.64822	0.10975
13821.12697	0.10952
13792.53272	0.1093
13763.8671	0.10907
13735.32038	0.10885
13706.89183	0.10862
13678.58071	0.1084
13650.19998	0.10817
13621.93677	0.10795
13593.79036	0.10772
13565.76002	0.1075
13537.66178	0.10728
13509.49718	0.10706
13481.63128	0.10683
13453.69909	0.10661
13425.88242	0.10639
13398.00102	0.10617
13370.41395	0.10595
13342.58419	0.10573
13315.04733	0.10551
13287.44735	0.1053
13259.96155	0.10508
13232.58922	0.10486
13205.15529	0.10464
13177.83488	0.10443
13150.45435	0.10421
13123.35958	0.10399
13096.03321	0.10378
13068.9912	0.10356
13041.89055	0.10335
13014.90206	0.10314
12988.02504	0.10292
12961.09081	0.10271
12934.26805	0.1025
12907.55608	0.10229
12880.7883	0.10207
12854.13132	0.10186
12827.58444	0.10165
12800.98312	0.10144
12774.49189	0.10123
12748.11009	0.10102
12721.67519	0.10081
12695.34969	0.1006
12668.97242	0.1004
12642.86437	0.10019
12616.70452	0.09998
12590.49418	0.09977
12564.39251	0.09957
12538.39885	0.09936
12512.51251	0.09915
12486.57693	0.09895
12460.74864	0.09874
12434.87236	0.09854
12409.25731	0.09834
12383.44086	0.09813
12357.88433	0.09793
12332.28098	0.09773
12306.7835	0.09752
12281.24041	0.09732
12255.80312	0.09712
12230.471	0.09692
12205.24337	0.09672
12179.97126	0.09652
12154.65584	0.09632
12129.59257	0.09612
12104.48592	0.09592
12079.33709	0.09572
12054.29253	0.09552
12029.35162	0.09533
12004.5137	0.09513
11979.63462	0.09493
11954.85845	0.09474
11930.04223	0.09454
11905.47056	0.09434
11880.7176	0.09415
11856.20791	0.09395
11831.65915	0.09376
11807.07244	0.09357
11782.72652	0.09337
11758.34254	0.09318
11733.92159	0.09299
11709.73899	0.09279
11685.38275	0.0926
11661.26361	0.09241
11637.10841	0.09222
11613.05307	0.09203
11588.96267	0.09184
11564.97201	0.09165
11541.08048	0.09146
11517.1548	0.09127
11493.32812	0.09108
11469.46828	0.09089
11445.83829	0.0907
11422.04455	0.09051
11398.47944	0.09033
11374.88199	0.09014
11351.25318	0.08995
11327.85065	0.08977
11304.28885	0.08958
11280.95211	0.0894
11257.5848	0.08921
11234.31409	0.08903
11211.0137	0.08884
11187.80976	0.08866
11164.70168	0.08847
11141.56472	0.08829
11118.52346	0.08811
11095.45419	0.08793
11072.48046	0.08774
11049.60166	0.08756
11026.69563	0.08738
11003.88437	0.0872
10981.1673	0.08702
10958.42374	0.08684
10935.65461	0.08666
10913.09899	0.08648
10890.51763	0.0863
10867.9114	0.08612
10845.39884	0.08594
10822.97935	0.08577
10800.53571	0.08559
10778.18495	0.08541
10755.92652	0.08523
10733.64461	0.08506
10711.45483	0.08488
10689.24235	0.08471
10667.1218	0.08453
10644.9793	0.08436
10623.04138	0.08418
10600.96893	0.08401
10579.09993	0.08383
10557.20952	0.08366
10535.29852	0.08349
10513.47828	0.08331
10491.74824	0.08314
10469.99822	0.08297
10448.33819	0.0828
10426.65888	0.08263
10405.17762	0.08245
10383.56904	0.08228
10362.05003	0.08211
10340.62002	0.08194
10319.27848	0.08177
10297.91879	0.08161
10276.54174	0.08144
10255.25325	0.08127
10234.05279	0.0811
10212.83549	0.08093
10191.70599	0.08076
10170.66374	0.0806
10149.60518	0.08043
10128.53106	0.08026
10107.64643	0.0801
10086.64427	0.07993
10065.83053	0.07977
10045.00161	0.0796
10024.15822	0.07944
10003.40116	0.07927
9982.72988	0.07911
9962.04461	0.07894
9941.44489	0.07878
9920.83176	0.07862
9900.30394	0.07845
9879.76328	0.07829
9859.40489	0.07813
9838.93661	0.07797
9818.55314	0.07781
9798.25395	0.07765
9777.94292	0.07749
9757.71591	0.07732
9737.4776	0.07716
9717.32307	0.077
9697.2518	0.07685
9677.16962	0.07669
9657.17045	0.07653
9637.16089	0.07637
9617.23408	0.07621
9597.2974	0.07605
9577.44321	0.0759
9557.57964	0.07574
9537.79829	0.07558
9518.09866	0.07543
9498.39002	0.07527
9478.67299	0.07511
9459.12711	0.07496
9439.48347	0.0748
9420.00999	0.07465
9400.43994	0.07449
9381.03904	0.07434
9361.54278	0.07419
9342.21467	0.07403
9322.87928	0.07388
9303.5372	0.07373
9284.27522	0.07357
9265.09284	0.07342
9245.90406	0.07327
9226.79461	0.07312
9207.6792	0.07297
9188.64284	0.07281
9169.60094	0.07266
9150.6378	0.07251
9131.66954	0.07236
9112.77976	0.07221
9093.88527	0.07206
9075.06897	0.07192
9056.24836	0.07177
9037.50565	0.07162
9018.84036	0.07147
9000.171	0.07132
8981.49811	0.07117
8962.98288	0.07103
8944.38382	0.07088
8925.86179	0.07073
8907.41631	0.07059
8888.9679	0.07044
8870.59575	0.07029
8852.22102	0.07015
8833.84422	0.07
8815.54357	0.06986
8797.31858	0.06971
8779.09172	0.06957
8760.94022	0.06943
8742.7872	0.06928
8724.70925	0.06914
8706.6301	0.069
8688.62572	0.06885
8670.62047	0.06871
8652.68969	0.06857
8634.75836	0.06843
8616.90119	0.06828
8599.04379	0.06814
8581.26024	0.068
8563.47677	0.06786
8545.76685	0.06772
8528.05731	0.06758
8510.42101	0.06744
8492.78538	0.0673
8475.22269	0.06716
8457.66095	0.06702
8440.17184	0.06688
8422.68397	0.06675
8405.26842	0.06661
8387.85439	0.06647
8370.51236	0.06633
8353.17212	0.06619
8335.90357	0.06606
8318.63707	0.06592
8301.44196	0.06578
8284.24916	0.06565
8267.05908	0.06551
8249.94019	0.06538
8232.89205	0.06524
8215.84673	0.06511
8198.87184	0.06497
8181.83306	0.06484
8164.93162	0.0647
8148.03347	0.06457
8131.13901	0.06444
8114.31446	0.0643
8097.5594	0.06417
8080.74278	0.06404
8064.0609	0.0639
8047.31823	0.06377
8030.70943	0.06364
8014.0406	0.06351
7997.50478	0.06338
7980.90966	0.06324
7964.38328	0.06311
7947.92519	0.06298
7931.47208	0.06285
7915.0243	0.06272
7898.64459	0.06259
7882.33254	0.06246
7865.96397	0.06233
7849.72487	0.0622
7833.42995	0.06208
7817.26365	0.06195
7801.04222	0.06182
7784.88798	0.06169
7768.8005	0.06156
7752.71927	0.06144
7736.64462	0.06131
7720.63649	0.06118
7704.69447	0.06106
7688.69992	0.06093
7672.77164	0.0608
7656.90921	0.06068
7641.05385	0.06055
7625.26402	0.06043
7609.48141	0.0603
7593.70634	0.06018
7577.99653	0.06005
7562.2944	0.05993
7546.65721	0.0598
7531.02783	0.05968
7515.46307	0.05956
7499.85	0.05943
7484.35769	0.05931
7468.87347	0.05919
7453.39763	0.05906
7437.98579	0.05894
7422.58246	0.05882
7407.18794	0.0587
7391.85713	0.05858
7376.58966	0.05846
7361.27674	0.05833
7346.08123	0.05821
7330.84085	0.05809
7315.66357	0.05797
7300.549	0.05785
7285.44368	0.05773
7270.34789	0.05761
7255.31452	0.05749
7240.29077	0.05738
7225.27691	0.05726
7210.32519	0.05714
7195.38344	0.05702
7180.5035	0.0569
7165.63362	0.05678
7150.82521	0.05667
7136.02695	0.05655
7121.2391	0.05643
7106.51241	0.05632
7091.79621	0.0562
7077.09075	0.05608
7062.44615	0.05597
7047.81236	0.05585
7033.23909	0.05573
7018.6767	0.05562
7004.17449	0.0555
6989.63437	0.05539
6975.20315	0.05527
6960.7345	0.05516
6946.32574	0.05505
6931.97651	0.05493
6917.59074	0.05482
6903.26455	0.0547
6888.99758	0.05459
6874.7422	0.05448
6860.49862	0.05437
6846.31394	0.05425
6832.14112	0.05414
6817.98038	0.05403
6803.87821	0.05392
6789.78816	0.05381
6775.75634	0.05369
6761.69096	0.05358
6747.72939	0.05347
6733.73466	0.05336
6719.79787	0.05325
6705.87367	0.05314
6692.00707	0.05303
6678.15309	0.05292
6664.31194	0.05281
6650.52805	0.0527
6636.75702	0.05259
6623.04289	0.05248
6609.34164	0.05238
6595.65346	0.05227
6581.97854	0.05216
6568.36021	0.05205
6554.75515	0.05194
6541.20633	0.05184
6527.6708	0.05173
6514.14873	0.05162
6500.64031	0.05151
6487.1878	0.05141
6473.79086	0.0513
6460.36566	0.05119
6446.99602	0.05109
6433.64022	0.05098
6420.33964	0.05088
6407.05288	0.05077
6393.78013	0.05067
6380.56226	0.05056
6367.31783	0.05046
6354.16865	0.05035
6340.99325	0.05025
6327.87238	0.05014
6314.76582	0.05004
6301.71344	0.04994
6288.63581	0.04983
6275.65173	0.04973
6262.64271	0.04963
6249.68752	0.04953
6236.74691	0.04942
6223.82105	0.04932
6210.94866	0.04922
6198.09099	0.04912
6185.24818	0.04901
6172.45849	0.04891
6159.68364	0.04881
6146.92377	0.04871
6134.21666	0.04861
6121.5245	0.04851
6108.84744	0.04841
6096.18562	0.04831
6083.57617	0.04821
6070.98192	0.04811
6058.403	0.04801
6045.87611	0.04791
6033.36451	0.04781
6020.86833	0.04771
6008.38771	0.04761
5995.95872	0.04751
5983.54525	0.04742
5971.14742	0.04732
5958.80085	0.04722
5946.46988	0.04712
5934.15462	0.04702
5921.8552	0.04693
5909.60666	0.04683
5897.3739	0.04673
5885.19168	0.04664
5872.9907	0.04654
5860.84021	0.04644
5848.70568	0.04635
5836.58723	0.04625
5824.51889	0.04616
5812.46658	0.04606
5800.43039	0.04597
5788.41044	0.04587
5776.44021	0.04578
5764.48615	0.04568
5752.54838	0.04559
5740.62699	0.04549
5728.75491	0.0454
5716.89915	0.0453
5705.05982	0.04521
5693.237	0.04512
5681.46309	0.04502
5669.70563	0.04493
5657.96472	0.04484
5646.24045	0.04474
5634.56467	0.04465
5622.90547	0.04456
5611.26293	0.04447
5599.63714	0.04437
5588.05943	0.04428
5576.49841	0.04419
5564.92318	0.0441
5553.42674	0.04401
5541.91628	0.04392
5530.45344	0.04383
5519.00746	0.04374
5507.57843	0.04364
5496.16642	0.04355
5484.80161	0.04346
5473.45375	0.04337
5462.12291	0.04328
5450.80917	0.04319
5439.51262	0.04311
5428.26279	0.04302
5417.03006	0.04293
5405.81449	0.04284
5394.61617	0.04275
5383.46415	0.04266
5372.30042	0.04257
5361.18289	0.04248
5350.08266	0.0424
5339.0283	0.04231
5327.96275	0.04222
5316.94297	0.04213
5305.94053	0.04205
5294.9555	0.04196
5283.98793	0.04187
5273.0379	0.04179
5262.13316	0.0417
5251.24586	0.04161
5240.37605	0.04153
5229.5238	0.04144
5218.68917	0.04136
5207.89934	0.04127
5197.10002	0.04118
5186.34539	0.0411
5175.60839	0.04101
5164.88908	0.04093
5154.21409	0.04084
5143.53021	0.04076
5132.89054	0.04068
5122.26855	0.04059
5111.66431	0.04051
5101.07786	0.04042
5090.53517	0.04034
5079.98435	0.04026
5069.47718	0.04017
5058.9622	0.04009
5048.49075	0.04001
5038.06256	0.03992
5027.62681	0.03984
5017.20903	0.03976
5006.83433	0.03968
4996.45252	0.03962
4986.11367	0.03961
4975.79277	0.0396
4965.48985	0.03959
4955.2295	0.03958
4944.96257	0.03958
4934.73809	0.03957
4924.5073	0.03956
4914.31885	0.03955
4904.14842	0.03954
4893.99605	0.03953
4883.86177	0.03952
4873.74562	0.03951
4863.67129	0.03951
4853.59141	0.0395
4843.55323	0.03949
4833.50976	0.03948
4823.50785	0.03947
4813.52408	0.03946
4803.55848	0.03945
4793.61108	0.03944
4783.70479	0.03944
4773.79378	0.03943
4763.92376	0.03942
4754.04926	0.03941
4744.21562	0.0394
4734.37774	0.03939
4724.58058	0.03938
4714.80165	0.03937
4705.04098	0.03937
4695.2986	0.03936
4685.59648	0.03935
4675.89064	0.03934
4666.20316	0.03933
4656.55573	0.03932
4646.90493	0.03931
4637.29405	0.0393
4627.68001	0.0393
4618.10575	0.03929
4608.54978	0.03928
4599.01213	0.03927
4589.49282	0.03926
4579.99185	0.03925
4570.50925	0.03924
4561.04503	0.03923
4551.5992	0.03923
4542.19243	0.03922
4532.78336	0.03921
4523.39273	0.0392
4514.04092	0.03919
4504.68713	0.03918
4495.37201	0.03917
4486.0551	0.03916
4476.77672	0.03916
4467.49673	0.03915
4458.25513	0.03914
4449.03189	0.03913
4439.80731	0.03912
4430.62091	0.03911
4421.45289	0.0391
4412.30327	0.0391
4403.17205	0.03909
4394.05923	0.03908
4384.96483	0.03907
4375.88885	0.03906
4366.81223	0.03905
4357.79217	0.03904
4348.77147	0.03903
4339.75038	0.03903
4330.78539	0.03902
4321.80133	0.03901
4312.85446	0.039
4303.92604	0.03899
4295.03451	0.03898
4286.1429	0.03897
4277.26973	0.03897
4268.41501	0.03896
4259.57873	0.03895
4250.76089	0.03894
4241.96148	0.03893
4233.18052	0.03892
4224.41798	0.03891
4215.67388	0.0389
4206.9305	0.0389
4198.22331	0.03889
4189.53454	0.03888
4180.86418	0.03887
4172.21223	0.03886
4163.57868	0.03885
4154.96352	0.03884
4146.34955	0.03884
4137.77123	0.03883
4129.21128	0.03882
4120.65271	0.03881
4112.12955	0.0388
4103.60789	0.03879
4095.12148	0.03878
4086.6534	0.03878
4078.187	0.03877
4069.73905	0.03876
4061.32602	0.03875
4052.91486	0.03874
4044.5221	0.03873
4036.14774	0.03872
4027.79176	0.03872
4019.45416	0.03871
4011.13491	0.0387
4002.83401	0.03869
3994.55143	0.03868
3986.27128	0.03867
3978.02539	0.03866
3969.78202	0.03865
3961.57274	0.03865
3953.36609	0.03864
3945.19337	0.03863
3937.02337	0.03862
3928.87171	0.03861
3920.73835	0.0386
3912.6233	0.03859
3904.52652	0.03858
3896.43282	0.03857
3888.3726	0.03857
3880.3306	0.03856
3872.29182	0.03855
3864.27133	0.03854
3856.26914	0.03853
3848.2852	0.03852
3840.33426	0.03851
3832.37205	0.0385
3824.44278	0.0385
3816.53169	0.03849
3808.62425	0.03848
3800.74951	0.03847
3792.87849	0.03846
3785.02568	0.03845
3777.19105	0.03844
3769.37459	0.03843
3761.5621	0.03843
3753.78194	0.03842
3746.00582	0.03841
3738.24788	0.0384
3730.52201	0.03839
3722.78643	0.03838
3715.08286	0.03837
3707.39737	0.03836
3699.71623	0.03836
3692.06686	0.03835
3684.4219	0.03834
3676.79501	0.03833
3669.18617	0.03832
3661.58195	0.03831
3654.00918	0.0383
3646.44107	0.03829
3638.89101	0.03829
3631.35896	0.03828
3623.8449	0.03827
3616.33571	0.03826
3608.85758	0.03825
3601.38437	0.03824
3593.92913	0.03823
3586.49184	0.03822
3579.07245	0.03822
3571.65818	0.03821
3564.26186	0.0382
3556.88346	0.03819
3549.52294	0.03818
3542.16774	0.03817
3534.84295	0.03816
3527.5235	0.03815
3520.22191	0.03815
3512.93815	0.03814
3505.65989	0.03813
3498.39948	0.03812
3491.16909	0.03811
3483.93211	0.0381
3476.72506	0.03809
3469.5237	0.03808
3462.34013	0.03808
3455.1743	0.03807
3448.02618	0.03806
3440.88389	0.03805
3433.75935	0.03804
3426.6525	0.03803
3419.56332	0.03802
3412.48012	0.03802
3405.42621	0.03801
3398.36674	0.038
3391.33649	0.03799
3384.31236	0.03798
3377.30586	0.03797
3370.31694	0.03796
3363.34559	0.03795
3356.38048	0.03795
3349.43294	0.03794
3342.49176	0.03793
3335.57929	0.03792
3328.67319	0.03791
3321.7846	0.0379
3314.90248	0.03789
3308.04881	0.03788
3301.19074	0.03787
3294.36104	0.03786
3287.54874	0.03785
3280.74302	0.03785
3273.94399	0.03784
3267.17308	0.03783
3260.40886	0.03782
3253.65141	0.03781
3246.92192	0.0378
3240.19921	0.03779
3233.49382	0.03778
3226.79531	0.03777
3220.11412	0.03776
3213.45022	0.03775
3206.80355	0.03774
3200.16385	0.03773
3193.54138	0.03772
3186.92595	0.03771
3180.32776	0.0377
3173.74677	0.03769
3167.17289	0.03769
3160.61619	0.03768
3154.07664	0.03767
3147.54429	0.03766
3141.02906	0.03765
3134.53093	0.03764
3128.04006	0.03763
3121.56628	0.03762
3115.09982	0.03761
3108.65044	0.0376
3102.21809	0.03759
3095.80271	0.03758
3089.38518	0.03757
3082.9942	0.03756
3076.61068	0.03755
3070.24412	0.03755
3063.88507	0.03754
3057.54296	0.03753
3051.21774	0.03752
3044.9001	0.03751
3038.59933	0.0375
3032.30619	0.03749
3026.02991	0.03748
3019.77044	0.03747
3013.50956	0.03746
3007.2746	0.03745
3001.04737	0.03744
2994.8369	0.03743
2988.64316	0.03742
2982.44829	0.03741
2976.27906	0.03741
2970.11765	0.0374
2963.97291	0.03739
2957.83605	0.03738
2951.70712	0.03737
2945.60354	0.03736
2939.49923	0.03735
2933.42016	0.03734
2927.34048	0.03733
2921.28595	0.03732
2915.23941	0.03731
2909.20093	0.0373
2903.17898	0.03729
2897.17352	0.03728
2891.17613	0.03728
2885.18687	0.03727
2879.21409	0.03726
2873.25773	0.03725
2867.30952	0.03724
2861.36951	0.03723
2855.44591	0.03722
2849.53866	0.03721
2843.63963	0.03721
2837.74887	0.0372
2831.87445	0.03719
2826.01631	0.03718
2820.16645	0.03718
2814.32491	0.03717
2808.49964	0.03716
2802.69058	0.03715
2796.88986	0.03715
2791.09752	0.03714
2785.32136	0.03713
2779.5536	0.03712
2773.80199	0.03712
2768.05882	0.03711
2762.32411	0.0371
2756.60552	0.03709
2750.90298	0.03709
2745.20892	0.03708
2739.52338	0.03707
2733.85386	0.03706
2728.19287	0.03706
2722.54787	0.03705
2716.91142	0.03704
2711.28355	0.03704
2705.67163	0.03703
2700.0756	0.03702
2694.48089	0.03701
2688.90932	0.03701
2683.33915	0.037
2677.78483	0.03699
2672.23918	0.03698
2666.70933	0.03698
2661.18817	0.03697
2655.68276	0.03696
2650.18604	0.03695
2644.69804	0.03695
2639.22576	0.03694
2633.7622	0.03693
2628.3074	0.03692
2622.86826	0.03692
2617.43789	0.03691
2612.01632	0.0369
2606.61036	0.03689
2601.21321	0.03689
2595.83161	0.03688
2590.45882	0.03687
2585.09486	0.03687
2579.73976	0.03686
2574.40016	0.03685
2569.07603	0.03684
2563.75416	0.03684
2558.44774	0.03683
2553.1502	0.03682
2547.86807	0.03681
2542.59482	0.03681
2537.33047	0.0368
2532.07506	0.03679
2526.83499	0.03678
2521.60384	0.03678
2516.38164	0.03677
2511.17473	0.03676
2505.97675	0.03676
2500.78775	0.03675
2495.61396	0.03676
2490.44913	0.03677
2485.29328	0.03678
2480.14643	0.0368
2475.01473	0.03681
2469.88592	0.03682
2464.77832	0.03684
2459.67365	0.03685
2454.58406	0.03686
2449.50349	0.03688
2444.43195	0.03689
2439.36947	0.0369
2434.32199	0.03692
2429.28356	0.03693
2424.25418	0.03694
2419.23388	0.03696
2414.22267	0.03697
2409.22637	0.03698
2404.23915	0.037
2399.26678	0.03701
2394.29774	0.03702
2389.34353	0.03704
2384.39272	0.03705
2379.45672	0.03706
2374.53548	0.03708
2369.61771	0.03709
2364.71467	0.0371
2359.81518	0.03712
2354.9304	0.03713
2350.06028	0.03714
2345.19376	0.03716
2340.3364	0.03717
2335.49366	0.03718
2330.66007	0.0372
2325.83561	0.03721
2321.02032	0.03722
2316.21419	0.03724
2311.42259	0.03725
2306.6348	0.03726
2301.86152	0.03728
2297.09739	0.03729
2292.34243	0.0373
2287.59665	0.03732
2282.86006	0.03733
2278.13266	0.03734
2273.41446	0.03736
2268.71062	0.03737
2264.01596	0.03738
2259.32537	0.0374
2254.64909	0.03741
2249.982	0.03742
2245.32411	0.03744
2240.68045	0.03745
2236.04096	0.03747
2231.41068	0.03748
2226.78962	0.03749
2222.18272	0.03751
2217.58009	0.03753
2212.99159	0.03755
2208.41228	0.03757
2203.83732	0.03759
2199.27644	0.03761
2194.72476	0.03763
2190.18229	0.03765
2185.64425	0.03767
2181.12022	0.03769
2176.60541	0.03771
2172.09981	0.03774
2167.60343	0.03776
2163.11627	0.03778
2158.63833	0.0378
2154.16961	0.03782
2149.71011	0.03784
2145.26444	0.03786
2140.82336	0.03788
2136.39151	0.0379
2131.96887	0.03792
2127.55546	0.03794
2123.15127	0.03797
2118.75629	0.03799
2114.37053	0.03801
2109.98953	0.03803
2105.62222	0.03805
2101.26412	0.03807
2096.91523	0.03809
2092.57554	0.03811
2088.2407	0.03813
2083.91944	0.03816
2079.60737	0.03818
2075.30019	0.0382
2071.00653	0.03822
2066.71778	0.03824
2062.43826	0.03826
2058.16794	0.03828
2053.91106	0.0383
2049.65914	0.03832
2045.41643	0.03835
2041.17874	0.03837
2036.95443	0.03839
2032.7393	0.03841
2028.52924	0.03843
2024.33248	0.03845
2020.1408	0.03847
2015.95833	0.03849
2011.78504	0.03852
2007.62093	0.03854
2003.466	0.03856
1999.31623	0.03858
1995.17965	0.0386
1991.04825	0.03863
1986.92603	0.03865
1982.81298	0.03867
1978.70909	0.0387
1974.61436	0.03872
1970.52489	0.03875
1966.44846	0.03877
1962.3773	0.03879
1958.3153	0.03882
1954.25862	0.03884
1950.21491	0.03886
1946.17654	0.03889
1942.14732	0.03891
1938.12723	0.03894
1934.11626	0.03896
1930.11069	0.03898
1926.11797	0.03901
1922.13064	0.03903
1918.15244	0.03905
1914.17967	0.03908
1910.21603	0.0391
1906.2615	0.03913
1902.31607	0.03915
1898.37973	0.03917
1894.44889	0.0392
1890.52714	0.03922
1886.61447	0.03925
1882.70733	0.03927
1878.80929	0.03929
1874.92383	0.03932
1871.04041	0.03934
1867.16607	0.03936
1863.3008	0.03939
1859.44458	0.03941
1855.59741	0.03944
1851.75583	0.03946
1847.91989	0.03948
1844.0964	0.03951
1840.27854	0.03953
1836.46972	0.03956
1832.66655	0.03958
1828.87241	0.03961
1825.08728	0.03963
1821.31116	0.03965
1817.54072	0.03968
1813.77599	0.03973
1810.02355	0.03978
1806.27681	0.03983
1802.53581	0.03989
1798.8038	0.03994
1795.08076	0.03999
1791.36348	0.04004
1787.65836	0.04009
1783.95581	0.04014
1780.26223	0.04019
1776.5776	0.04024
1772.89876	0.04029
1769.23199	0.04034
1765.56789	0.0404
1761.91273	0.04045
1758.26649	0.0405
1754.62607	0.04055
1750.99456	0.0406
1747.3689	0.04065
1743.75214	0.04071
1740.14123	0.04076
1736.53922	0.04081
1732.94608	0.04086
1729.35881	0.04091
1725.77742	0.04097
1722.2049	0.04102
1718.64124	0.04107
1715.08347	0.04112
1711.53162	0.04117
1707.9886	0.04123
1704.45442	0.04128
1700.92615	0.04133
1697.40382	0.04138
1693.89031	0.04144
1690.38274	0.04149
1686.88397	0.04154
1683.39116	0.0416
1679.90713	0.04165
1676.43188	0.0417
1672.95978	0.04175
1669.49646	0.04181
1666.0419	0.04186
1662.59055	0.04189
1659.15071	0.04192
1655.71686	0.04196
1652.289	0.04199
1648.86715	0.04202
1645.45402	0.04205
1642.04961	0.04209
1638.64851	0.04212
1635.25612	0.04215
1631.87243	0.04219
1628.49475	0.04222
1625.1231	0.04225
1621.7575	0.04229
1618.40057	0.04232
1615.05229	0.04235
1611.70744	0.04237
1608.37125	0.04237
1605.04111	0.04237
1601.71961	0.04236
1598.40415	0.04236
1595.09476	0.04236
1591.79398	0.04235
1588.49674	0.04235
1585.21062	0.04235
1581.92805	0.04234
1578.65407	0.04234
1575.38617	0.04234
1572.12435	0.04233
1568.87109	0.04233
1565.62146	0.04233
1562.38038	0.04232
1559.14783	0.04235
1555.91895	0.04237
1552.69859	0.04239
1549.48433	0.04241
1546.27618	0.04243
1543.07652	0.04245
1539.8806	0.04247
1536.69316	0.0425
1533.51183	0.04252
1530.33897	0.04254
1527.16988	0.04256
1524.00924	0.04258
1520.85472	0.0426
1517.70632	0.04262
1514.56405	0.04265
1511.42791	0.04266
1508.30018	0.04268
1505.17857	0.04269
1502.06083	0.04271
1498.95148	0.04273
1495.85051	0.04274
1492.75343	0.04276
1489.66249	0.04278
1486.5799	0.04279
1483.50124	0.04281
1480.43092	0.04282
1477.36674	0.04284
1474.3087	0.04286
1471.25679	0.04287
1468.21103	0.04289
1465.17141	0.0429
1462.13794	0.04291
1459.11061	0.04292
1456.09156	0.04293
1453.07653	0.04295
1450.06765	0.04296
1447.06701	0.04297
1444.07043	0.04298
1441.08208	0.043
1438.09987	0.04301
1435.12173	0.04302
1432.15181	0.04303
1429.18598	0.04304
1426.22834	0.04306
1423.27481	0.04309
1420.32946	0.04311
1417.38824	0.04314
1414.45517	0.04316
1411.52624	0.04319
1408.60545	0.04321
1405.68882	0.04331
1402.77834	0.04341
1399.87597	0.04351
1396.97778	0.04361
1394.08573	0.04372
1391.19983	0.04382
1388.32006	0.04392
1385.44644	0.04403
1382.57704	0.04413
1379.7157	0.04424
1376.86048	0.04435
1374.00951	0.04445
1371.16468	0.04456
1368.32599	0.04469
1365.49343	0.04485
1362.66701	0.045
1359.84672	0.04516
1357.03255	0.04531
1354.22267	0.04547
1351.41892	0.04563
1348.6213	0.04588
1345.82981	0.04613
1343.04444	0.04639
1340.26339	0.04665
1337.48846	0.04691
1334.71966	0.04717
1331.95698	0.0475
1329.20041	0.04791
1326.44818	0.04833
1323.70208	0.04875
1320.96208	0.04918
1318.2282	0.0496
1315.49868	0.05001
1312.77527	0.05024
1310.05797	0.05048
1307.34677	0.05071
1304.63995	0.05094
1301.93924	0.05118
1299.24462	0.05142
1296.55441	0.05162
1293.87029	0.05183
1291.19226	0.05203
1288.52031	0.05223
1285.85279	0.05244
1283.1897	0.05264
1280.53434	0.05272
1277.88342	0.0527
1275.23857	0.05268
1272.59816	0.05266
1269.96383	0.05264
1267.33396	0.05261
1264.71176	0.05269
1262.09242	0.05289
1259.48074	0.05309
1256.87353	0.0533
1254.27079	0.0535
1251.67568	0.05371
1249.08348	0.05443
1246.4989	0.05883
1243.91724	0.05487
1241.34318	0.05985
1238.77361	0.05929
1236.20855	0.05469
1233.64952	0.06366
1231.09651	0.06583
1228.54802	0.06459
1226.00404	0.0603
1223.46608	0.06444
1220.93414	0.06711
1218.40671	0.06325
1215.88382	0.06121
1213.36694	0.06482
1210.85605	0.07215
1208.34824	0.06197
1205.84788	0.06977
1203.35206	0.07155
1200.86078	0.07155
1198.37405	0.07432
1195.8933	0.07274
1193.41854	0.07533
1190.9469	0.07608
1188.48265	0.07242
1186.02155	0.07262
1183.56642	0.07629
1181.11724	0.08734
1178.67124	0.08444
1176.23119	0.08135
1173.79709	0.08467
1171.36756	0.08919
1168.9426	0.08952
1166.52221	0.09109
1164.10776	0.09482
1161.69789	0.10011
1159.2926	0.10143
1156.89323	0.10717
1154.49845	0.12012
1152.10824	0.13507
1149.72395	0.16247
1147.34293	0.17214
1144.96781	0.17504
1142.59859	0.1922
1140.23265	0.23118
1137.87261	0.2902
1135.51716	0.36085
1133.1663	0.42047
1130.82005	0.45362
1128.47967	0.46723
1126.14388	0.47997
1123.81269	0.50324
1121.4861	0.53659
1119.16412	0.5696
1116.84799	0.59742
1114.53645	0.62679
1112.22828	0.65825
1109.92596	0.68429
1107.62824	0.70397
1105.33634	0.73948
1103.04783	0.77605
1100.76393	0.80621
1098.48585	0.83947
1096.21117	0.87205
1093.94229	0.90588
1091.67803	0.9367
1089.41837	0.96859
1087.16332	0.99505
1084.9117	1.00872
1082.66704	1.01262
1080.42465	1.00437
1078.18804	0.99359
1075.9572	0.98237
1073.7298	0.96972
1071.50702	0.94596
1069.28885	0.90106
1067.07529	0.83593
1064.86633	0.7681
1062.66199	0.70948
1060.46226	0.66022
1058.26713	0.61122
1056.0755	0.57197
1053.88959	0.54996
1051.70829	0.55097
1049.53159	0.56039
1047.3584	0.56145
1045.19092	0.54813
1043.02695	0.52427
1040.86758	0.49734
1038.71283	0.46882
1036.56268	0.44486
1034.41713	0.43433
1032.27511	0.44266
1030.13877	0.46899
1028.00597	0.5181
1025.87777	0.58065
1023.75417	0.63968
1021.63517	0.69015
1019.52076	0.7349
1017.40992	0.76446
1015.30367	0.77104
1013.20202	0.74259
1011.10497	0.68765
1009.01148	0.61732
1006.92259	0.54298
1004.8383	0.48321
1002.75859	0.44949
1000.68247	0.43908
998.61093	0.45058
996.54399	0.47519
994.48063	0.50794
992.42187	0.54316
990.36768	0.58346
988.31808	0.62362
986.27208	0.66011
984.22969	0.68826
982.19284	0.7086
980.15961	0.72182
978.13095	0.72587
976.1059	0.72883
974.08543	0.73681
972.06858	0.75168
970.0563	0.77149
968.04859	0.79437
966.0445	0.81497
964.04498	0.83494
962.04909	0.85109
960.05776	0.86409
958.07006	0.87024
956.08693	0.86751
954.10743	0.85918
952.13249	0.84164
950.16119	0.82505
948.19445	0.80816
946.23135	0.79191
944.2728	0.77733
942.31789	0.76585
940.36753	0.74467
938.42083	0.72061
936.47865	0.6881
934.53926	0.64468
932.60528	0.59553
930.67495	0.53958
928.74829	0.47927
926.82529	0.42539
924.90682	0.38993
922.99201	0.37223
921.08172	0.35934
919.1751	0.34016
917.27214	0.31707
915.37286	0.29289
913.4781	0.27919
911.587	0.28899
909.70041	0.31526
907.81749	0.34663
905.93742	0.37681
904.06268	0.39731
902.19079	0.40655
900.3234	0.40412
898.45968	0.39256
896.59965	0.37052
894.74409	0.34615
892.89142	0.31617
891.04323	0.28563
889.19873	0.25784
887.3579	0.24093
885.52076	0.23064
883.68809	0.23299
881.85832	0.24263
880.03302	0.26067
878.2114	0.28253
876.39347	0.30556
874.57922	0.33102
872.76866	0.34358
870.96179	0.35811
869.15936	0.36909
867.35986	0.3752
865.56405	0.37815
863.77268	0.37538
861.98425	0.36969
860.20025	0.35989
858.4192	0.34029
856.64258	0.3195
854.86891	0.28772
853.09965	0.24888
851.33336	0.20683
849.57148	0.16053
847.81256	0.12559
846.05733	0.10116
844.30579	0.08635
842.55794	0.07779
840.81377	0.06514
839.07329	0.05976
837.3365	0.05663
835.60339	0.05293
833.87327	0.04947
832.14752	0.04468
830.42477	0.04355
828.7057	0.04398
826.99032	0.04137
825.27793	0.03854
823.56991	0.03655
821.86489	0.03882
820.16356	0.03626
818.4659	0.03482
816.77125	0.03417
815.08095	0.0362
813.39367	0.03742
811.7094	0.03449
810.02946	0.03458
808.35255	0.03154
806.6793	0.03383
805.00909	0.03456
803.34255	0.03367
801.67968	0.03384
800.02048	0.03004
798.36431	0.02909
796.71181	0.03046
795.06234	0.0325
793.41655	0.03072
791.77379	0.031
790.13469	0.03225
788.49927	0.03126
786.86688	0.03157
785.23815	0.03276
783.61247	0.03011
781.99045	0.03187
780.37147	0.03366
778.75616	0.03139
777.14389	0.02936
775.53527	0.02912
773.93031	0.02925
772.3278	0.03166
770.72895	0.03446
769.13374	0.03254
767.54159	0.03331
765.95249	0.03439
764.36704	0.03326
762.78465	0.03422
761.2059	0.03518
759.63021	0.03546
758.05758	0.03867
756.48802	0.04016
754.92209	0.04112
753.35923	0.03864
751.8	0.04027
750.24383	0.04619
748.69073	0.05445
747.14069	0.06269
745.59428	0.07106
744.05094	0.07406
742.51067	0.07131
740.97346	0.06229
739.43933	0.06118
737.90881	0.06235
736.38136	0.06181
734.85699	0.06594
733.33568	0.07381
731.81745	0.08716
730.30282	0.1025
728.79073	0.12283
727.28225	0.13963
725.77684	0.1434
724.27449	0.1394
722.77523	0.12071
721.27903	0.10106
719.78591	0.08673
718.29586	0.0732
716.80888	0.06391
715.32498	0.05786
713.84415	0.05815
712.3664	0.05684
710.89171	0.05749
709.42011	0.05682
707.95157	0.05844
706.48611	0.06332
705.02372	0.06794
703.5639	0.07442
702.10766	0.08584
700.65448	0.099
699.20389	0.11379
697.75636	0.12511
696.31191	0.13505
694.87054	0.13906
693.43223	0.13355
691.99651	0.12558
690.56434	0.11414
689.13476	0.10725
687.70825	0.10201
686.28433	0.09787
684.86396	0.09616
683.44618	0.09848
682.03147	0.10232
680.61936	0.1038
679.21032	0.10426
677.80435	0.10435
676.40144	0.10262
675.00113	0.10064
673.60389	0.10004
672.20971	0.1003
670.81814	0.09602
669.42918	0.09313
668.04373	0.09319
666.66044	0.08901
665.28067	0.08342
663.9035	0.08785
662.52895	0.09982
661.15746	0.10436
659.78903	0.11584
658.42321	0.12892
657.06001	0.14137
655.69987	0.15475
654.34277	0.16658
652.98788	0.17433
651.63645	0.18103
650.28723	0.1896
648.94106	0.1943
647.59793	0.19729
646.25743	0.19455
644.91955	0.18778
643.5843	0.17463
642.2521	0.16084
640.92252	0.14739
639.59598	0.1319
638.27207	0.11667
636.95079	0.10534
635.63214	0.09885
634.31612	0.09837
633.00314	0.09298
631.69279	0.08756
630.38506	0.08872
629.08037	0.08893
627.77792	0.08795
626.47849	0.08473
625.18169	0.08164
623.88753	0.08197
622.596	0.08151
621.30711	0.08572
620.02085	0.08761
618.73722	0.09253
617.45661	0.10148
616.17825	0.10952
614.90291	0.11441
613.62982	0.11873
612.35975	0.12448
611.09193	0.13897
609.82712	0.14982
608.56457	0.15738
607.30503	0.16546
606.04775	0.17487
604.79311	0.18481
603.5411	0.19476
602.29172	0.1982
601.04498	0.19908
599.80087	0.20506
598.55903	0.21208
597.32018	0.21956
596.08361	0.22887
594.84967	0.23828
593.61837	0.24359
592.38934	0.2468
591.16294	0.25029
589.93953	0.25557
588.71804	0.26245
587.49954	0.26854
586.28332	0.27505
585.06972	0.2805
583.85842	0.28817
582.64974	0.29687
581.44369	0.30546
580.23993	0.31648
579.0388	0.33068
577.84029	0.34631
576.64407	0.3625
575.45048	0.37988
574.25918	0.39987
573.0705	0.42006
571.88412	0.44083
570.70036	0.46008
569.51889	0.47745
568.34005	0.4925
567.1635	0.50156
565.98925	0.50357
564.81762	0.49942
563.64861	0.49346
562.48158	0.48988
561.31716	0.49077
560.15536	0.49636
558.99586	0.50536
557.83867	0.51517
556.68377	0.52274
555.53148	0.5259
554.3815	0.52409
553.23382	0.51816
552.08844	0.50935
550.94567	0.4995
549.8052	0.48933
548.66704	0.47978
547.53118	0.46993
546.39793	0.45911
545.26668	0.44693
544.13803	0.43768
543.01168	0.43132
541.88764	0.42733
540.76591	0.42454
539.64648	0.42117
538.52935	0.41575
537.41453	0.40847
536.30202	0.39988
535.1918	0.39429
534.0839	0.3933
532.9783	0.39813
531.875	0.41027
530.77401	0.43008
529.67504	0.45201
528.57866	0.47602
527.48458	0.50211
526.39253	0.52531
525.30278	0.54863
524.21534	0.56886
523.1302	0.58144
522.04737	0.58614
520.96683	0.58558
519.88833	0.58178
518.81213	0.57806
517.73796	0.57476
516.66637	0.57248
515.5968	0.57105
514.52954	0.56925
513.46432	0.56992
512.40139	0.57066
511.34077	0.5704
510.28219	0.57082
509.2259	0.57093
508.17165	0.57068
507.11971	0.56989
506.07006	0.56493
505.02245	0.55853
503.97688	0.55113
502.93361	0.54065
501.89264	0.52782
500.85371	0.51418
499.81682	0.50197
498.78222	0.48894
497.74967	0.47765
496.71917	0.46907
495.69096	0.46106
494.66479	0.4537
493.64092	0.44695
492.61909	0.44077
491.59931	0.43544
490.58157	0.43085
489.56612	0.42722
488.55248	0.42142
487.54113	0.41611
486.53206	0.41245
485.52481	0.40892
484.51983	0.40547
483.51667	0.40209
482.5158	0.39569
481.51697	0.38885
480.52019	0.38152
479.52546	0.37253
478.53278	0.36382
477.54215	0.35564
476.55379	0.34984
475.56726	0.34695
474.58277	0.34615
473.60033	0.34796
472.61995	0.34377
471.64161	0.33672
470.66531	0.33096
469.69085	0.32716
468.71865	0.32586
467.74829	0.33315
466.77997	0.34172
465.8137	0.35098
464.84948	0.35947
463.8873	0.36211
462.92696	0.3605
461.96866	0.35546
461.01241	0.34609
460.05799	0.33337
459.10563	0.31911
458.1553	0.30695
457.20681	0.29689
456.26037	0.29284
455.31577	0.28972
454.37341	0.28737
453.43269	0.28368
452.49401	0.27939
451.55738	0.27419
450.62258	0.2705
449.68983	0.26664
448.75891	0.2579
447.83004	0.24792
446.90281	0.23717
445.97782	0.22292
445.05466	0.20893
444.13335	0.19512
443.21389	0.18472
442.29646	0.17708
441.38087	0.17584
440.46712	0.17815
439.55522	0.18281
438.64536	0.19074
437.73734	0.19707
436.83116	0.20057
435.92701	0.19838
435.02452	0.19331
434.12406	0.18167
433.22526	0.1684
432.32849	0.15419
431.43356	0.14327
430.54047	0.13456
429.64923	0.12977
428.75984	0.12958
427.87229	0.13225
426.98658	0.13922
426.10253	0.14684
425.22051	0.15518
424.34033	0.16232
423.46182	0.16883
422.58533	0.17241
421.7105	0.17438
420.83752	0.17273
419.96638	0.16997
419.0969	0.16659
418.22945	0.16341
417.36366	0.16129
416.49972	0.16213
415.63744	0.16658
414.77701	0.17412
413.91842	0.18574
413.06167	0.19851
412.20659	0.2106
411.35318	0.21976
410.50162	0.22442
409.65189	0.22404
408.80384	0.22159
407.95762	0.21539
407.11308	0.2085
406.27038	0.19964
405.42935	0.1895
404.59016	0.17839
403.75264	0.16709
402.9168	0.15623
402.08263	0.14592
401.2503	0.13662
400.4198	0.12891
399.59082	0.12315
398.76367	0.11916
397.9382	0.11721
397.11441	0.116
396.29229	0.11605
395.472	0.1161
394.65339	0.11577
393.8363	0.11541
393.02105	0.11502
392.20747	0.1147
391.39556	0.11443
390.58533	0.11537
389.77678	0.11669
388.9699	0.11928
388.1647	0.12237
387.36118	0.12802
386.55933	0.13428
385.75916	0.14169
384.96066	0.1498
384.1637	0.15871
383.36841	0.16828
382.57479	0.17847
381.78285	0.18915
380.99258	0.20037
380.20385	0.21112
379.41679	0.22181
378.63141	0.22791
377.84755	0.23239
377.06538	0.23087
376.28487	0.22834
375.5059	0.22403
374.7286	0.2214
373.95284	0.22064
373.17875	0.22036
372.40633	0.22043
371.63531	0.22139
370.86609	0.22278
370.09828	0.22219
369.33214	0.22105
368.56766	0.2186
367.80473	0.21598
367.04333	0.2131
366.28346	0.21035
365.52527	0.21243
364.76861	0.21514
364.01348	0.22473
363.25989	0.23497
362.50798	0.24765
361.75759	0.26015
361.00861	0.27014
360.2613	0.27941
359.51553	0.28567
358.77142	0.29151
358.02872	0.29609
357.28756	0.30026
356.54793	0.30344
355.80984	0.30642
355.07329	0.30898
354.33827	0.31151
353.60479	0.31399
352.87272	0.31601
352.14231	0.31706
351.41331	0.31746
350.68585	0.31656
349.95993	0.31468
349.23542	0.31063
348.51257	0.30454
347.79113	0.29353
347.0711	0.28139
346.35261	0.2658
345.63566	0.25067
344.92012	0.23577
344.20612	0.22216
343.49365	0.21206
342.78259	0.20333
342.07296	0.20325
341.36485	0.20328
340.65817	0.20667
339.95301	0.21009
339.24928	0.21403
338.54696	0.21804
337.84617	0.22109
337.1468	0.22402
336.44885	0.22628
335.75243	0.22837
335.05743	0.22947
334.36384	0.23009
333.67168	0.23027
332.98093	0.23012
332.2916	0.22844
331.60369	0.22492
330.91731	0.22047
330.23223	0.21412
329.54869	0.20748
328.86645	0.19908
328.18574	0.19097
327.50634	0.1837
326.82836	0.17667
326.1518	0.16841
325.47665	0.16027
324.80282	0.14978
324.13051	0.13885
323.45952	0.12688
322.78994	0.1144
322.12178	0.10338
321.45493	0.09391
320.7895	0.08569
320.12539	0.0806
319.46269	0.07581
318.80141	0.07515
318.14144	0.0748
317.48289	0.07521
316.82566	0.07594
316.16984	0.07671
315.51534	0.07751
314.86215	0.07724
314.21038	0.0736
313.55993	0.07013
312.91089	0.06647
312.26307	0.06299
311.61666	0.06006
310.97167	0.05741
310.3279	0.05513
309.68544	0.05323
309.0444	0.05147
308.40468	0.05012
307.76627	0.0488
307.12917	0.04891
306.4934	0.04921
305.85885	0.04896
305.22571	0.04831
304.59388	0.04852
303.96338	0.05118
303.3341	0.05398
302.70622	0.05664
302.07958	0.05941
301.45425	0.06129
300.83023	0.06255
300.20744	0.06316
299.58606	0.06182
298.96582	0.06051
298.34698	0.06044
297.72937	0.06052
297.11307	0.06177
296.498	0.06415
295.88425	0.06672
295.27173	0.07003
294.66052	0.07351
294.05053	0.07608
293.44178	0.07837
292.83434	0.08008
292.22813	0.08057
291.62324	0.08105
291.01957	0.07914
290.41713	0.07706
289.81593	0.07255
289.21595	0.06593
288.61728	0.05998
288.01984	0.056
287.42355	0.05229
286.82857	0.04957
286.23482	0.0475
285.6423	0.04572
285.05101	0.04548
284.46095	0.04523
283.87204	0.0462
283.28443	0.0479
282.69798	0.05001
282.11283	0.05445
281.52884	0.05928
280.94599	0.06461
280.36445	0.07046
279.78406	0.07669
279.2049	0.08228
278.62689	0.08826
278.05011	0.09384
277.47456	0.09913
276.90016	0.10454
276.32691	0.10622
275.75496	0.10791
275.18409	0.11017
274.61445	0.11308
274.04596	0.11605
273.47869	0.11694
272.91251	0.1176
272.34762	0.11777
271.78381	0.11689
271.22123	0.11601
270.65973	0.11329
270.09945	0.10992
269.54033	0.10622
268.98235	0.09921
268.42553	0.09263
267.86987	0.08541
267.31535	0.07766
266.76199	0.07059
266.20978	0.06413
265.65872	0.05824
265.10875	0.05316
264.55999	0.04974
264.01232	0.04654
263.4658	0.04382
262.92037	0.04153
262.37615	0.03936
261.83302	0.03819
261.29097	0.03725
260.75007	0.0363
260.21033	0.03503
259.67167	0.03381
259.13409	0.03271
258.59766	0.03178
258.06239	0.03087
257.52813	0.0294
256.99502	0.0277
256.46306	0.0261
255.93212	0.02507
255.40233	0.02413
254.87363	0.02347
254.34601	0.02437
253.81954	0.0253
253.29409	0.02579
252.76972	0.02541
252.24651	0.02503
251.72431	0.02488
251.20326	0.02489
250.68324	0.02491
250.1643	0.02496
249.64644	0.02502
249.12967	0.02508
248.61392	0.02709
248.09925	0.02947
247.58567	0.03204
247.07317	0.03453
246.5617	0.03721
246.05131	0.04025
245.54194	0.04421
245.03366	0.04856
244.5264	0.05354
244.02022	0.05948
243.51507	0.06608
243.011	0.07214
242.50796	0.07694
242.00594	0.08203
241.50494	0.08478
241.00503	0.08501
240.50614	0.08524
240.00828	0.08415
239.51143	0.08211
239.01562	0.08013
238.52083	0.07894
238.02706	0.07824
237.53432	0.07755
237.0426	0.07684
236.55191	0.07611
236.06224	0.0754
235.57359	0.07414
235.08591	0.07263
234.59926	0.07115
234.11363	0.07252
233.62898	0.07546
233.14534	0.07852
232.66273	0.08247
232.18109	0.08708
231.70047	0.09193
231.22082	0.09738
230.7422	0.10336
230.26454	0.10968
229.78786	0.11456
229.3122	0.11796
228.83751	0.12144
228.36379	0.1247
227.89104	0.12765
227.41931	0.13064
226.9485	0.13264
226.47871	0.13258
226.0099	0.13249
225.54205	0.13229
225.07512	0.13174
224.60922	0.13117
224.14423	0.13044
223.68027	0.12748
223.21723	0.12456
222.75515	0.12168
222.294	0.11646
221.83387	0.1112
221.37465	0.10615
220.91636	0.10005
220.45904	0.09381
220.00269	0.08792
219.54726	0.08313
219.0928	0.07927
218.63926	0.07558
218.18664	0.0722
217.73499	0.06934
217.28427	0.06659
216.83446	0.0639
216.38558	0.06017
215.93767	0.05664
215.49063	0.05332
215.04456	0.05037
214.59941	0.04763
214.15519	0.04504
213.71184	0.04249
213.26945	0.04
212.82795	0.03765
212.38741	0.03573
211.94775	0.03552
211.50901	0.03532
211.07115	0.03512
210.6342	0.03428
210.19819	0.03332
209.76304	0.03239
209.32882	0.03155
208.89548	0.03082
208.46306	0.03011
208.03151	0.02952
207.60089	0.03064
207.17115	0.0318
206.74228	0.033
206.31429	0.03455
205.88722	0.03634
205.46103	0.03822
205.03568	0.0403
204.61124	0.04293
204.18769	0.04572
203.76501	0.04869
203.34321	0.04994
202.92224	0.0506
202.5022	0.05128
202.08299	0.05122
201.66466	0.04924
201.24721	0.04734
200.8306	0.04551
200.41486	0.04326
200	0.04097
